Clustering Results Summary
==================================================

DBCV threshold: 0
Min absolute cluster size: 100
Min percentage cluster size: 0.02

Registers: NA-nb-OP
Total samples: 1969

Best clustering:
  Min cluster size: 393
  Real clusters: 3
  Noise points: 0
  DBCV score: 0.8368
  Calinski-Harabasz score: 17383.99

All tested configurations:
--------------------------------------------------------------------------------
Rank MinSize  Clusters Noise    DBCV       CH-Score   Notes
--------------------------------------------------------------------------------
1    393      3        0        0.8368     17383.99    ★
2    328      3        0        0.8368     17383.99   
3    281      3        0        0.8368     17383.99   
4    246      3        0        0.8368     17383.99   
5    218      3        0        0.8368     17383.99   
6    196      3        0        0.8368     17383.99   
7    179      3        0        0.8368     17383.99   
8    164      3        0        0.8368     17383.99   
9    151      3        0        0.8368     17383.99   
10   140      3        0        0.8368     17383.99   
11   131      3        0        0.8368     17383.99   
12   123      3        0        0.8368     17383.99   
13   115      3        0        0.8368     17383.99   
14   109      3        0        0.8368     17383.99   
15   103      3        0        0.8368     17383.99   
16   98       3        0        0.8368     17383.99   
17   89       3        0        0.8368     17383.99   
18   82       3        0        0.8368     17383.99   
19   75       3        0        0.8368     17383.99   
20   70       3        0        0.8368     17383.99   
21   65       3        0        0.8368     17383.99   
22   61       3        0        0.8368     17383.99   
23   57       3        0        0.8368     17383.99   
24   54       3        0        0.8368     17383.99   
25   51       3        0        0.8368     17383.99   
26   656      2        0        0.8050     11962.44   
27   492      2        0        0.8050     11962.44   
28   984      0        1969     -1.0000    -1.00      
