Clustering Results Summary
==================================================

DBCV threshold: 0
Min absolute cluster size: 100
Min percentage cluster size: 0.02

Registers: NA-nb
Total samples: 218088

Best clustering:
  Min cluster size: 24232
  Real clusters: 2
  Noise points: 164
  DBCV score: 0.0041
  Calinski-Harabasz score: 75351.02

All tested configurations:
--------------------------------------------------------------------------------
Rank MinSize  Clusters Noise    DBCV       CH-Score   Notes
--------------------------------------------------------------------------------
1    24232    2        164      0.0041     75351.02    ★
2    21808    2        164      0.0041     75351.02   
3    19826    2        164      0.0041     75351.02   
4    18174    2        164      0.0041     75351.02   
5    16776    2        164      0.0041     75351.02   
6    15577    2        164      0.0041     75351.02   
7    14539    2        164      0.0041     75351.02   
8    13630    2        164      0.0041     75351.02   
9    12828    2        164      0.0041     75351.02   
10   12116    2        164      0.0041     75351.02   
11   11478    2        164      0.0041     75351.02   
12   10904    2        164      0.0041     75351.02   
13   10385    2        164      0.0041     75351.02   
14   9913     2        164      0.0041     75351.02   
15   9482     2        164      0.0041     75351.02   
16   9087     2        164      0.0041     75351.02   
17   8723     2        164      0.0041     75351.02   
18   8388     2        164      0.0041     75351.02   
19   8077     2        164      0.0041     75351.02   
20   7788     2        164      0.0041     75351.02   
21   7520     2        164      0.0041     75351.02   
22   7269     2        164      0.0041     75351.02   
23   7035     2        164      0.0041     75351.02   
24   6815     2        164      0.0041     75351.02   
25   6608     2        164      0.0041     75351.02   
26   6414     2        164      0.0041     75351.02   
27   6231     2        164      0.0041     75351.02   
28   6058     2        164      0.0041     75351.02   
29   5894     2        164      0.0041     75351.02   
30   5739     2        164      0.0041     75351.02   
31   5592     2        164      0.0041     75351.02   
32   5452     2        164      0.0041     75351.02   
33   5319     2        164      0.0041     75351.02   
34   5192     2        164      0.0041     75351.02   
35   5071     2        164      0.0041     75351.02   
36   4956     2        164      0.0041     75351.02   
37   4846     2        164      0.0041     75351.02   
38   4741     2        164      0.0041     75351.02   
39   4640     2        164      0.0041     75351.02   
40   4543     2        164      0.0041     75351.02   
41   4450     2        164      0.0041     75351.02   
42   4361     2        164      0.0041     75351.02   
43   4194     2        164      0.0041     75351.02   
44   4038     2        164      0.0041     75351.02   
45   3894     2        164      0.0041     75351.02   
46   3760     2        164      0.0041     75351.02   
47   3634     2        164      0.0041     75351.02   
48   3517     2        164      0.0041     75351.02   
49   3407     2        164      0.0041     75351.02   
50   3304     2        164      0.0041     75351.02   
51   3207     2        164      0.0041     75351.02   
52   3115     2        164      0.0041     75351.02   
53   3029     2        164      0.0041     75351.02   
54   2947     2        164      0.0041     75351.02   
55   2869     2        164      0.0041     75351.02   
56   2796     2        164      0.0041     75351.02   
57   2726     2        164      0.0041     75351.02   
58   2659     2        164      0.0041     75351.02   
59   2596     2        164      0.0041     75351.02   
60   2535     2        164      0.0041     75351.02   
61   2478     2        164      0.0041     75351.02   
62   2423     2        164      0.0041     75351.02   
63   2370     2        164      0.0041     75351.02   
64   2320     2        164      0.0041     75351.02   
65   2271     2        164      0.0041     75351.02   
66   2225     2        164      0.0041     75351.02   
67   2180     2        164      0.0041     75351.02   
68   109044   0        218088   -1.0000    -1.00      
69   72696    0        218088   -1.0000    -1.00      
70   54522    0        218088   -1.0000    -1.00      
71   43617    0        218088   -1.0000    -1.00      
72   36348    0        218088   -1.0000    -1.00      
73   31155    0        218088   -1.0000    -1.00      
74   27261    0        218088   -1.0000    -1.00      
