Clustering Results Summary
==================================================

DBCV threshold: 0
Min absolute cluster size: 100
Min percentage cluster size: 0.02

Registers: ob-OP
Total samples: 17321

Best clustering:
  Min cluster size: 188
  Real clusters: 11
  Noise points: 10329
  DBCV score: 0.1737
  Calinski-Harabasz score: 6296.35

All tested configurations:
--------------------------------------------------------------------------------
Rank MinSize  Clusters Noise    DBCV       CH-Score   Notes
--------------------------------------------------------------------------------
1    188      11       10329    0.1737     6296.35     ★
2    184      11       10329    0.1737     6296.35    
3    180      11       10329    0.1737     6296.35    
4    176      11       10329    0.1737     6296.35    
5    173      11       10329    0.1737     6296.35    
6    206      9        10707    0.1552     7315.17    
7    201      9        10707    0.1552     7315.17    
8    196      9        10707    0.1552     7315.17    
9    192      9        10707    0.1552     7315.17    
10   360      8        10354    0.0908     7211.18    
11   353      8        10354    0.0908     7211.18    
12   346      8        10354    0.0908     7211.18    
13   333      8        10354    0.0908     7211.18    
14   320      8        10354    0.0908     7211.18    
15   309      8        10354    0.0908     7211.18    
16   298      8        10354    0.0908     7211.18    
17   288      8        10354    0.0908     7211.18    
18   279      8        10354    0.0908     7211.18    
19   270      8        10354    0.0908     7211.18    
20   262      8        10354    0.0908     7211.18    
21   254      8        10354    0.0908     7211.18    
22   247      8        10354    0.0908     7211.18    
23   240      8        10354    0.0908     7211.18    
24   234      8        10354    0.0908     7211.18    
25   227      8        10354    0.0908     7211.18    
26   222      8        10354    0.0908     7211.18    
27   216      8        10354    0.0908     7211.18    
28   211      8        10354    0.0908     7211.18    
29   402      4        7255     0.0196     563.04     
30   393      4        7255     0.0196     563.04     
31   384      4        7255     0.0196     563.04     
32   376      4        7255     0.0196     563.04     
33   368      4        7255     0.0196     563.04     
34   692      3        7660     0.0004     752.11     
35   666      3        7660     0.0004     752.11     
36   641      3        7660     0.0004     752.11     
37   618      3        7660     0.0004     752.11     
38   597      3        7660     0.0004     752.11     
39   577      3        7660     0.0004     752.11     
40   558      3        7660     0.0004     752.11     
41   541      3        7660     0.0004     752.11     
42   524      3        7660     0.0004     752.11     
43   509      3        7660     0.0004     752.11     
44   494      3        7660     0.0004     752.11     
45   481      3        7660     0.0004     752.11     
46   468      3        7660     0.0004     752.11     
47   455      3        7660     0.0004     752.11     
48   444      3        7660     0.0004     752.11     
49   433      3        7660     0.0004     752.11     
50   422      3        7660     0.0004     752.11     
51   412      3        7660     0.0004     752.11     
52   753      2        6985     0.0003     973.90     
53   721      2        6985     0.0003     973.90     
54   962      3        11931    0.0003     7127.11    
55   911      3        11931    0.0003     7127.11    
56   866      3        11931    0.0003     7127.11    
57   824      3        11931    0.0003     7127.11    
58   787      3        11931    0.0003     7127.11    
59   2165     2        11779    0.0000     10334.51   
60   1924     2        11779    0.0000     10334.51   
61   1732     2        11779    0.0000     10334.51   
62   1574     2        11779    0.0000     10334.51   
63   1443     2        11779    0.0000     10334.51   
64   1332     2        11779    0.0000     10334.51   
65   1237     2        11779    0.0000     10334.51   
66   1154     2        11779    0.0000     10334.51   
67   1082     2        11779    0.0000     10334.51   
68   1018     2        11779    0.0000     10334.51   
69   8660     0        17321    -1.0000    -1.00      
70   5773     0        17321    -1.0000    -1.00      
71   4330     0        17321    -1.0000    -1.00      
72   3464     0        17321    -1.0000    -1.00      
73   2886     0        17321    -1.0000    -1.00      
74   2474     0        17321    -1.0000    -1.00      
