Clustering Results Summary
==================================================

DBCV threshold: 0
Min absolute cluster size: 100
Min percentage cluster size: 0.02

Registers: ID
Total samples: 41071

Best clustering:
  Min cluster size: 977
  Real clusters: 2
  Noise points: 0
  DBCV score: 0.7683
  Calinski-Harabasz score: 5645.26

All tested configurations:
--------------------------------------------------------------------------------
Rank MinSize  Clusters Noise    DBCV       CH-Score   Notes
--------------------------------------------------------------------------------
1    977      2        0        0.7683     5645.26     ★
2    955      2        0        0.7683     5645.26    
3    933      2        0        0.7683     5645.26    
4    912      2        0        0.7683     5645.26    
5    892      2        0        0.7683     5645.26    
6    873      2        0        0.7683     5645.26    
7    855      2        0        0.7683     5645.26    
8    838      2        0        0.7683     5645.26    
9    821      2        0        0.7683     5645.26    
10   789      2        0        0.7683     5645.26    
11   760      2        0        0.7683     5645.26    
12   733      2        0        0.7683     5645.26    
13   708      2        0        0.7683     5645.26    
14   684      2        0        0.7683     5645.26    
15   662      2        0        0.7683     5645.26    
16   641      2        0        0.7683     5645.26    
17   622      2        0        0.7683     5645.26    
18   603      2        0        0.7683     5645.26    
19   586      2        0        0.7683     5645.26    
20   570      2        0        0.7683     5645.26    
21   555      2        0        0.7683     5645.26    
22   540      2        0        0.7683     5645.26    
23   526      2        0        0.7683     5645.26    
24   513      2        0        0.7683     5645.26    
25   500      2        0        0.7683     5645.26    
26   488      2        0        0.7683     5645.26    
27   477      2        0        0.7683     5645.26    
28   466      2        0        0.7683     5645.26    
29   456      2        0        0.7683     5645.26    
30   446      2        0        0.7683     5645.26    
31   436      2        0        0.7683     5645.26    
32   427      2        0        0.7683     5645.26    
33   419      2        0        0.7683     5645.26    
34   410      2        0        0.7683     5645.26    
35   3422     4        21783    0.0005     10417.87   
36   3159     4        21783    0.0005     10417.87   
37   2933     4        21783    0.0005     10417.87   
38   2738     4        21783    0.0005     10417.87   
39   2566     4        21783    0.0005     10417.87   
40   2415     4        21783    0.0005     10417.87   
41   2281     4        21783    0.0005     10417.87   
42   2161     4        21783    0.0005     10417.87   
43   2053     4        21783    0.0005     10417.87   
44   1955     4        21783    0.0005     10417.87   
45   1866     4        21783    0.0005     10417.87   
46   1785     4        21783    0.0005     10417.87   
47   1711     4        21783    0.0005     10417.87   
48   1642     4        21783    0.0005     10417.87   
49   1579     4        21783    0.0005     10417.87   
50   1521     4        21783    0.0005     10417.87   
51   1466     4        21783    0.0005     10417.87   
52   1416     4        21783    0.0005     10417.87   
53   1369     4        21783    0.0005     10417.87   
54   1324     4        21783    0.0005     10417.87   
55   1283     4        21783    0.0005     10417.87   
56   1244     4        21783    0.0005     10417.87   
57   1207     4        21783    0.0005     10417.87   
58   1173     4        21783    0.0005     10417.87   
59   1140     4        21783    0.0005     10417.87   
60   1110     2        4082     0.0001     3167.22    
61   1080     2        4082     0.0001     3167.22    
62   1053     2        4082     0.0001     3167.22    
63   1026     2        4082     0.0001     3167.22    
64   1001     2        4082     0.0001     3167.22    
65   5133     2        19978    0.0000     2759.99    
66   4563     2        19978    0.0000     2759.99    
67   4107     2        19978    0.0000     2759.99    
68   3733     2        19978    0.0000     2759.99    
69   20535    0        41071    -1.0000    -1.00      
70   13690    0        41071    -1.0000    -1.00      
71   10267    0        41071    -1.0000    -1.00      
72   8214     0        41071    -1.0000    -1.00      
73   6845     0        41071    -1.0000    -1.00      
74   5867     0        41071    -1.0000    -1.00      
