Clustering Results Summary
==================================================

DBCV threshold: 0
Min absolute cluster size: 100
Min percentage cluster size: 0.02

Registers: NA-nb
Total samples: 49026

Best clustering:
  Min cluster size: 2723
  Real clusters: 2
  Noise points: 6268
  DBCV score: 0.0004
  Calinski-Harabasz score: 6727.80

All tested configurations:
--------------------------------------------------------------------------------
Rank MinSize  Clusters Noise    DBCV       CH-Score   Notes
--------------------------------------------------------------------------------
1    2723     2        6268     0.0004     6727.80     ★
2    2580     2        6268     0.0004     6727.80    
3    2451     2        6268     0.0004     6727.80    
4    2334     2        6268     0.0004     6727.80    
5    2228     2        6268     0.0004     6727.80    
6    2131     2        6268     0.0004     6727.80    
7    2042     2        6268     0.0004     6727.80    
8    1961     2        6268     0.0004     6727.80    
9    1885     2        6268     0.0004     6727.80    
10   1815     2        6268     0.0004     6727.80    
11   1750     2        6268     0.0004     6727.80    
12   1690     2        6268     0.0004     6727.80    
13   1634     2        6268     0.0004     6727.80    
14   1581     2        6268     0.0004     6727.80    
15   1532     2        6268     0.0004     6727.80    
16   1485     2        6268     0.0004     6727.80    
17   1441     2        6268     0.0004     6727.80    
18   1400     2        6268     0.0004     6727.80    
19   1361     2        6268     0.0004     6727.80    
20   1325     2        6268     0.0004     6727.80    
21   1290     2        6268     0.0004     6727.80    
22   1257     2        6268     0.0004     6727.80    
23   1225     2        6268     0.0004     6727.80    
24   1195     2        6268     0.0004     6727.80    
25   1167     2        6268     0.0004     6727.80    
26   1140     2        6268     0.0004     6727.80    
27   1114     2        6268     0.0004     6727.80    
28   1089     2        6268     0.0004     6727.80    
29   1065     2        6268     0.0004     6727.80    
30   1043     2        6268     0.0004     6727.80    
31   1021     2        6268     0.0004     6727.80    
32   1000     2        6268     0.0004     6727.80    
33   980      2        6268     0.0004     6727.80    
34   942      2        6268     0.0004     6727.80    
35   907      2        6268     0.0004     6727.80    
36   875      2        6268     0.0004     6727.80    
37   845      2        6268     0.0004     6727.80    
38   817      2        6268     0.0004     6727.80    
39   790      2        6268     0.0004     6727.80    
40   766      2        6268     0.0004     6727.80    
41   742      2        6268     0.0004     6727.80    
42   720      2        6268     0.0004     6727.80    
43   700      2        6268     0.0004     6727.80    
44   680      2        6268     0.0004     6727.80    
45   662      2        6268     0.0004     6727.80    
46   645      2        6268     0.0004     6727.80    
47   628      2        6268     0.0004     6727.80    
48   612      2        6268     0.0004     6727.80    
49   597      2        6268     0.0004     6727.80    
50   583      2        6268     0.0004     6727.80    
51   570      2        6268     0.0004     6727.80    
52   557      2        6268     0.0004     6727.80    
53   544      2        6268     0.0004     6727.80    
54   532      2        6268     0.0004     6727.80    
55   521      2        6268     0.0004     6727.80    
56   510      2        6268     0.0004     6727.80    
57   500      2        6268     0.0004     6727.80    
58   490      2        6268     0.0004     6727.80    
59   5447     3        24291    0.0003     17973.40   
60   4902     3        24291    0.0003     17973.40   
61   4456     3        24291    0.0003     17973.40   
62   4085     3        24291    0.0003     17973.40   
63   3771     3        24291    0.0003     17973.40   
64   3501     3        24291    0.0003     17973.40   
65   3268     3        24291    0.0003     17973.40   
66   3064     3        24291    0.0003     17973.40   
67   2883     3        24291    0.0003     17973.40   
68   8171     2        24285    0.0002     17128.75   
69   7003     2        24285    0.0002     17128.75   
70   6128     2        24285    0.0002     17128.75   
71   24513    0        49026    -1.0000    -1.00      
72   16342    0        49026    -1.0000    -1.00      
73   12256    0        49026    -1.0000    -1.00      
74   9805     0        49026    -1.0000    -1.00      
