Clustering Results Summary
==================================================

DBCV threshold: 0
Min absolute cluster size: 100
Min percentage cluster size: 0.02

Registers: NA-nb
Total samples: 222925

Best clustering:
  Min cluster size: 18577
  Real clusters: 2
  Noise points: 55
  DBCV score: 0.0044
  Calinski-Harabasz score: 47809.59

All tested configurations:
--------------------------------------------------------------------------------
Rank MinSize  Clusters Noise    DBCV       CH-Score   Notes
--------------------------------------------------------------------------------
1    18577    2        55       0.0044     47809.59    ★
2    17148    2        55       0.0044     47809.59   
3    15923    2        55       0.0044     47809.59   
4    14861    2        55       0.0044     47809.59   
5    13932    2        55       0.0044     47809.59   
6    13113    2        55       0.0044     47809.59   
7    12384    2        55       0.0044     47809.59   
8    11732    2        55       0.0044     47809.59   
9    11146    2        55       0.0044     47809.59   
10   10615    2        55       0.0044     47809.59   
11   10132    2        55       0.0044     47809.59   
12   9692     2        55       0.0044     47809.59   
13   9288     2        55       0.0044     47809.59   
14   8917     2        55       0.0044     47809.59   
15   8574     2        55       0.0044     47809.59   
16   8256     2        55       0.0044     47809.59   
17   7961     2        55       0.0044     47809.59   
18   7687     2        55       0.0044     47809.59   
19   7430     2        55       0.0044     47809.59   
20   7191     2        55       0.0044     47809.59   
21   6966     2        55       0.0044     47809.59   
22   6755     2        55       0.0044     47809.59   
23   6556     2        55       0.0044     47809.59   
24   6369     2        55       0.0044     47809.59   
25   6192     2        55       0.0044     47809.59   
26   6025     2        55       0.0044     47809.59   
27   5866     2        55       0.0044     47809.59   
28   5716     2        55       0.0044     47809.59   
29   5573     2        55       0.0044     47809.59   
30   5437     2        55       0.0044     47809.59   
31   5307     2        55       0.0044     47809.59   
32   5184     2        55       0.0044     47809.59   
33   5066     2        55       0.0044     47809.59   
34   4953     2        55       0.0044     47809.59   
35   4846     2        55       0.0044     47809.59   
36   4743     2        55       0.0044     47809.59   
37   4644     2        55       0.0044     47809.59   
38   4549     2        55       0.0044     47809.59   
39   4458     2        55       0.0044     47809.59   
40   4287     2        55       0.0044     47809.59   
41   4128     2        55       0.0044     47809.59   
42   3980     2        55       0.0044     47809.59   
43   3843     2        55       0.0044     47809.59   
44   3715     2        55       0.0044     47809.59   
45   3595     2        55       0.0044     47809.59   
46   3483     2        55       0.0044     47809.59   
47   3377     2        55       0.0044     47809.59   
48   3278     2        55       0.0044     47809.59   
49   3184     2        55       0.0044     47809.59   
50   3096     2        55       0.0044     47809.59   
51   3012     2        55       0.0044     47809.59   
52   2933     2        55       0.0044     47809.59   
53   2858     2        55       0.0044     47809.59   
54   2786     2        55       0.0044     47809.59   
55   2718     2        55       0.0044     47809.59   
56   2653     2        55       0.0044     47809.59   
57   2592     2        55       0.0044     47809.59   
58   2533     2        55       0.0044     47809.59   
59   2476     2        55       0.0044     47809.59   
60   2423     2        55       0.0044     47809.59   
61   2371     2        55       0.0044     47809.59   
62   2322     2        55       0.0044     47809.59   
63   2274     2        55       0.0044     47809.59   
64   2229     2        55       0.0044     47809.59   
65   31846    2        117608   0.0000     78715.76   
66   27865    2        117608   0.0000     78715.76   
67   24769    2        117608   0.0000     78715.76   
68   22292    2        117608   0.0000     78715.76   
69   20265    2        117608   0.0000     78715.76   
70   111462   0        222925   -1.0000    -1.00      
71   74308    0        222925   -1.0000    -1.00      
72   55731    0        222925   -1.0000    -1.00      
73   44585    0        222925   -1.0000    -1.00      
74   37154    0        222925   -1.0000    -1.00      
