Clustering Results Summary
==================================================

DBCV threshold: 0
Min absolute cluster size: 100
Min percentage cluster size: 0.02

Registers: ds-IP-NA-nb
Total samples: 2357

Best clustering:
  Min cluster size: 147
  Real clusters: 3
  Noise points: 38
  DBCV score: 0.2387
  Calinski-Harabasz score: 1044.22

All tested configurations:
--------------------------------------------------------------------------------
Rank MinSize  Clusters Noise    DBCV       CH-Score   Notes
--------------------------------------------------------------------------------
1    147      3        38       0.2387     1044.22     ★
2    138      3        38       0.2387     1044.22    
3    130      3        38       0.2387     1044.22    
4    124      3        38       0.2387     1044.22    
5    117      3        38       0.2387     1044.22    
6    112      3        38       0.2387     1044.22    
7    107      3        38       0.2387     1044.22    
8    261      2        36       0.2377     1270.08    
9    235      2        36       0.2377     1270.08    
10   214      2        36       0.2377     1270.08    
11   196      2        36       0.2377     1270.08    
12   181      2        36       0.2377     1270.08    
13   168      2        36       0.2377     1270.08    
14   157      2        36       0.2377     1270.08    
15   90       6        45       0.1207     667.57     
16   84       6        45       0.1207     667.57     
17   78       6        45       0.1207     667.57     
18   73       6        45       0.1207     667.57     
19   69       6        45       0.1207     667.57     
20   65       6        45       0.1207     667.57     
21   62       6        45       0.1207     667.57     
22   58       6        45       0.1207     667.57     
23   56       6        45       0.1207     667.57     
24   53       6        45       0.1207     667.57     
25   51       6        45       0.1207     667.57     
26   102      4        130      0.1101     978.66     
27   98       4        130      0.1101     978.66     
28   471      2        966      0.0025     1042.83    
29   392      3        996      0.0012     1187.34    
30   336      3        996      0.0012     1187.34    
31   294      3        996      0.0012     1187.34    
32   1178     0        2357     -1.0000    -1.00      
33   785      0        2357     -1.0000    -1.00      
34   589      0        2357     -1.0000    -1.00      
