Clustering Results Summary
==================================================

DBCV threshold: 0
Min absolute cluster size: 100
Min percentage cluster size: 0.02

Registers: NA-nb-OP
Total samples: 1536

Best clustering:
  Min cluster size: 256
  Real clusters: 3
  Noise points: 1
  DBCV score: 0.4987
  Calinski-Harabasz score: 4923.36

All tested configurations:
--------------------------------------------------------------------------------
Rank MinSize  Clusters Noise    DBCV       CH-Score   Notes
--------------------------------------------------------------------------------
1    256      3        1        0.4987     4923.36     ★
2    219      3        1        0.4987     4923.36    
3    192      3        1        0.4987     4923.36    
4    170      4        1        0.4661     5627.75    
5    153      4        1        0.4661     5627.75    
6    139      4        1        0.4661     5627.75    
7    128      4        1        0.4661     5627.75    
8    118      4        1        0.4661     5627.75    
9    109      4        1        0.4661     5627.75    
10   102      4        1        0.4661     5627.75    
11   96       4        1        0.4661     5627.75    
12   85       4        1        0.4661     5627.75    
13   76       4        1        0.4661     5627.75    
14   69       4        1        0.4661     5627.75    
15   64       4        1        0.4661     5627.75    
16   59       4        1        0.4661     5627.75    
17   54       4        1        0.4661     5627.75    
18   51       4        1        0.4661     5627.75    
19   512      2        0        0.4333     6923.36    
20   384      2        0        0.4333     6923.36    
21   307      2        0        0.4333     6923.36    
22   768      0        1536     -1.0000    -1.00      
