Clustering Results Summary
==================================================

DBCV threshold: 0
Min absolute cluster size: 100
Min percentage cluster size: 0.02

Registers: NA-nb-sr
Total samples: 1767

Best clustering:
  Min cluster size: 51
  Real clusters: 7
  Noise points: 123
  DBCV score: 0.0475
  Calinski-Harabasz score: 1269.97

All tested configurations:
--------------------------------------------------------------------------------
Rank MinSize  Clusters Noise    DBCV       CH-Score   Notes
--------------------------------------------------------------------------------
1    51       7        123      0.0475     1269.97     ★
2    589      2        37       0.0325     1783.20    
3    441      2        37       0.0325     1783.20    
4    353      2        37       0.0325     1783.20    
5    294      2        37       0.0325     1783.20    
6    252      2        37       0.0325     1783.20    
7    220      2        37       0.0325     1783.20    
8    196      2        37       0.0325     1783.20    
9    176      2        37       0.0325     1783.20    
10   160      2        37       0.0325     1783.20    
11   147      2        37       0.0325     1783.20    
12   135      2        37       0.0325     1783.20    
13   126      2        37       0.0325     1783.20    
14   117      2        37       0.0325     1783.20    
15   110      2        37       0.0325     1783.20    
16   103      2        37       0.0325     1783.20    
17   98       2        37       0.0325     1783.20    
18   88       2        37       0.0325     1783.20    
19   80       2        37       0.0325     1783.20    
20   73       2        37       0.0325     1783.20    
21   67       2        37       0.0325     1783.20    
22   63       2        37       0.0325     1783.20    
23   58       2        37       0.0325     1783.20    
24   55       2        37       0.0325     1783.20    
25   883      0        1767     -1.0000    -1.00      
