Clustering Results Summary
==================================================

DBCV threshold: 0
Min absolute cluster size: 100
Min percentage cluster size: 0.02

Registers: NA-ob-OP
Total samples: 2830

Best clustering:
  Min cluster size: 166
  Real clusters: 2
  Noise points: 0
  DBCV score: 0.5015
  Calinski-Harabasz score: 924.47

All tested configurations:
--------------------------------------------------------------------------------
Rank MinSize  Clusters Noise    DBCV       CH-Score   Notes
--------------------------------------------------------------------------------
1    166      2        0        0.5015     924.47      ★
2    157      2        0        0.5015     924.47     
3    148      2        0        0.5015     924.47     
4    141      2        0        0.5015     924.47     
5    134      2        0        0.5015     924.47     
6    128      2        0        0.5015     924.47     
7    123      2        0        0.5015     924.47     
8    117      2        0        0.5015     924.47     
9    113      2        0        0.5015     924.47     
10   108      2        0        0.5015     924.47     
11   104      2        0        0.5015     924.47     
12   101      2        0        0.5015     924.47     
13   94       2        0        0.5015     924.47     
14   88       2        0        0.5015     924.47     
15   83       2        0        0.5015     924.47     
16   78       2        0        0.5015     924.47     
17   74       2        0        0.5015     924.47     
18   70       2        0        0.5015     924.47     
19   67       2        0        0.5015     924.47     
20   64       2        0        0.5015     924.47     
21   61       2        0        0.5015     924.47     
22   58       2        0        0.5015     924.47     
23   56       2        0        0.5015     924.47     
24   54       2        0        0.5015     924.47     
25   52       2        0        0.5015     924.47     
26   50       2        0        0.5015     924.47     
27   314      4        805      0.3667     2494.18    
28   283      4        805      0.3667     2494.18    
29   257      4        805      0.3667     2494.18    
30   235      4        805      0.3667     2494.18    
31   217      4        805      0.3667     2494.18    
32   202      4        805      0.3667     2494.18    
33   188      4        805      0.3667     2494.18    
34   176      4        805      0.3667     2494.18    
35   707      2        482      0.0052     2630.47    
36   566      2        482      0.0052     2630.47    
37   471      2        482      0.0052     2630.47    
38   404      2        482      0.0052     2630.47    
39   353      2        482      0.0052     2630.47    
40   1415     0        2830     -1.0000    -1.00      
41   943      0        2830     -1.0000    -1.00      
