Clustering Results Summary
==================================================

DBCV threshold: 0
Min absolute cluster size: 100
Min percentage cluster size: 0.02

Registers: NA-nb-OP-rv
Total samples: 9422

Best clustering:
  Min cluster size: 2355
  Real clusters: 2
  Noise points: 0
  DBCV score: 0.9345
  Calinski-Harabasz score: 88164.02

All tested configurations:
--------------------------------------------------------------------------------
Rank MinSize  Clusters Noise    DBCV       CH-Score   Notes
--------------------------------------------------------------------------------
1    2355     2        0        0.9345     88164.02    ★
2    1884     2        0        0.9345     88164.02   
3    1570     2        0        0.9345     88164.02   
4    1346     2        0        0.9345     88164.02   
5    1177     2        0        0.9345     88164.02   
6    1046     2        0        0.9345     88164.02   
7    942      2        0        0.9345     88164.02   
8    856      2        0        0.9345     88164.02   
9    785      2        0        0.9345     88164.02   
10   724      3        0        0.6926     49100.71   
11   673      3        0        0.6926     49100.71   
12   628      3        0        0.6926     49100.71   
13   588      3        0        0.6926     49100.71   
14   554      3        0        0.6926     49100.71   
15   523      3        0        0.6926     49100.71   
16   495      3        0        0.6926     49100.71   
17   471      3        0        0.6926     49100.71   
18   448      3        0        0.6926     49100.71   
19   428      3        0        0.6926     49100.71   
20   409      3        0        0.6926     49100.71   
21   392      3        0        0.6926     49100.71   
22   376      3        0        0.6926     49100.71   
23   362      4        32       0.6826     34444.50   
24   348      4        32       0.6826     34444.50   
25   336      4        32       0.6826     34444.50   
26   324      4        32       0.6826     34444.50   
27   314      4        32       0.6826     34444.50   
28   303      4        32       0.6826     34444.50   
29   294      4        32       0.6826     34444.50   
30   285      4        32       0.6826     34444.50   
31   277      4        32       0.6826     34444.50   
32   269      4        32       0.6826     34444.50   
33   261      4        32       0.6826     34444.50   
34   254      4        32       0.6826     34444.50   
35   247      4        32       0.6826     34444.50   
36   241      4        32       0.6826     34444.50   
37   235      4        32       0.6826     34444.50   
38   229      4        32       0.6826     34444.50   
39   224      4        32       0.6826     34444.50   
40   219      4        32       0.6826     34444.50   
41   214      4        32       0.6826     34444.50   
42   209      4        32       0.6826     34444.50   
43   204      4        32       0.6826     34444.50   
44   200      4        32       0.6826     34444.50   
45   196      4        32       0.6826     34444.50   
46   192      4        32       0.6826     34444.50   
47   188      4        32       0.6826     34444.50   
48   181      4        32       0.6826     34444.50   
49   174      4        32       0.6826     34444.50   
50   168      4        32       0.6826     34444.50   
51   162      4        32       0.6826     34444.50   
52   157      4        32       0.6826     34444.50   
53   151      4        32       0.6826     34444.50   
54   147      4        32       0.6826     34444.50   
55   142      4        32       0.6826     34444.50   
56   138      4        32       0.6826     34444.50   
57   134      4        32       0.6826     34444.50   
58   130      4        32       0.6826     34444.50   
59   127      4        32       0.6826     34444.50   
60   123      4        32       0.6826     34444.50   
61   120      4        32       0.6826     34444.50   
62   117      4        32       0.6826     34444.50   
63   114      4        32       0.6826     34444.50   
64   112      4        32       0.6826     34444.50   
65   109      4        32       0.6826     34444.50   
66   107      4        32       0.6826     34444.50   
67   104      4        32       0.6826     34444.50   
68   102      4        32       0.6826     34444.50   
69   100      4        32       0.6826     34444.50   
70   98       4        32       0.6826     34444.50   
71   96       4        32       0.6826     34444.50   
72   94       4        32       0.6826     34444.50   
73   4711     0        9422     -1.0000    -1.00      
74   3140     0        9422     -1.0000    -1.00      
