Clustering Results Summary
==================================================

DBCV threshold: 0
Min absolute cluster size: 100
Min percentage cluster size: 0.02

Registers: ob-OP
Total samples: 19370

Best clustering:
  Min cluster size: 461
  Real clusters: 2
  Noise points: 2568
  DBCV score: 0.0003
  Calinski-Harabasz score: 695.14

All tested configurations:
--------------------------------------------------------------------------------
Rank MinSize  Clusters Noise    DBCV       CH-Score   Notes
--------------------------------------------------------------------------------
1    461      2        2568     0.0003     695.14      ★
2    450      2        2568     0.0003     695.14     
3    440      2        2568     0.0003     695.14     
4    430      2        2568     0.0003     695.14     
5    421      2        2568     0.0003     695.14     
6    412      2        2568     0.0003     695.14     
7    403      2        2568     0.0003     695.14     
8    395      2        2568     0.0003     695.14     
9    387      2        2568     0.0003     695.14     
10   372      2        2568     0.0003     695.14     
11   358      2        2568     0.0003     695.14     
12   345      2        2568     0.0003     695.14     
13   333      2        2568     0.0003     695.14     
14   322      2        2568     0.0003     695.14     
15   312      2        2568     0.0003     695.14     
16   302      2        2568     0.0003     695.14     
17   293      2        2568     0.0003     695.14     
18   284      2        2568     0.0003     695.14     
19   276      2        2568     0.0003     695.14     
20   269      2        2568     0.0003     695.14     
21   261      2        2568     0.0003     695.14     
22   254      2        2568     0.0003     695.14     
23   248      2        2568     0.0003     695.14     
24   242      2        2568     0.0003     695.14     
25   236      2        2568     0.0003     695.14     
26   230      2        2568     0.0003     695.14     
27   225      2        2568     0.0003     695.14     
28   220      2        2568     0.0003     695.14     
29   215      2        2568     0.0003     695.14     
30   210      2        2568     0.0003     695.14     
31   206      2        2568     0.0003     695.14     
32   201      2        2568     0.0003     695.14     
33   197      2        2568     0.0003     695.14     
34   193      2        2568     0.0003     695.14     
35   1019     2        7683     0.0002     1530.10    
36   968      2        7683     0.0002     1530.10    
37   922      2        7683     0.0002     1530.10    
38   880      2        7683     0.0002     1530.10    
39   842      2        7683     0.0002     1530.10    
40   807      2        7683     0.0002     1530.10    
41   774      2        7683     0.0002     1530.10    
42   745      2        7683     0.0002     1530.10    
43   717      2        7683     0.0002     1530.10    
44   691      2        7683     0.0002     1530.10    
45   667      2        7683     0.0002     1530.10    
46   645      2        7683     0.0002     1530.10    
47   624      2        7683     0.0002     1530.10    
48   605      2        7683     0.0002     1530.10    
49   586      2        7683     0.0002     1530.10    
50   569      2        7683     0.0002     1530.10    
51   553      2        7683     0.0002     1530.10    
52   538      2        7683     0.0002     1530.10    
53   523      2        7683     0.0002     1530.10    
54   509      2        7683     0.0002     1530.10    
55   496      2        7683     0.0002     1530.10    
56   484      2        7683     0.0002     1530.10    
57   472      2        7683     0.0002     1530.10    
58   1937     2        12577    0.0001     5002.42    
59   1760     2        12577    0.0001     5002.42    
60   1614     2        12577    0.0001     5002.42    
61   1490     2        12577    0.0001     5002.42    
62   1383     2        12577    0.0001     5002.42    
63   1291     2        12577    0.0001     5002.42    
64   1210     2        12577    0.0001     5002.42    
65   1139     2        12577    0.0001     5002.42    
66   1076     2        12577    0.0001     5002.42    
67   9685     0        19370    -1.0000    -1.00      
68   6456     0        19370    -1.0000    -1.00      
69   4842     0        19370    -1.0000    -1.00      
70   3874     0        19370    -1.0000    -1.00      
71   3228     0        19370    -1.0000    -1.00      
72   2767     0        19370    -1.0000    -1.00      
73   2421     0        19370    -1.0000    -1.00      
74   2152     0        19370    -1.0000    -1.00      
