Clustering Results Summary
==================================================

DBCV threshold: 0
Min absolute cluster size: 100
Min percentage cluster size: 0.02

Registers: IP-NA-nb
Total samples: 1567

Best clustering:
  Min cluster size: 71
  Real clusters: 7
  Noise points: 160
  DBCV score: 0.2631
  Calinski-Harabasz score: 1294.97

All tested configurations:
--------------------------------------------------------------------------------
Rank MinSize  Clusters Noise    DBCV       CH-Score   Notes
--------------------------------------------------------------------------------
1    71       7        160      0.2631     1294.97     ★
2    65       7        160      0.2631     1294.97    
3    60       7        160      0.2631     1294.97    
4    55       7        160      0.2631     1294.97    
5    52       7        160      0.2631     1294.97    
6    87       6        140      0.2630     1394.81    
7    78       6        140      0.2630     1394.81    
8    111      5        120      0.2542     1519.70    
9    104      5        120      0.2542     1519.70    
10   97       5        120      0.2542     1519.70    
11   195      4        117      0.2519     1771.56    
12   174      4        117      0.2519     1771.56    
13   156      4        117      0.2519     1771.56    
14   142      4        117      0.2519     1771.56    
15   130      4        117      0.2519     1771.56    
16   120      4        117      0.2519     1771.56    
17   391      2        40       0.0129     1649.63    
18   313      2        40       0.0129     1649.63    
19   261      2        40       0.0129     1649.63    
20   223      2        40       0.0129     1649.63    
21   783      0        1567     -1.0000    -1.00      
22   522      0        1567     -1.0000    -1.00      
