Clustering Results Summary
==================================================

DBCV threshold: 0
Min absolute cluster size: 100
Min percentage cluster size: 0.02

Registers: NA-ob-OP
Total samples: 2588

Best clustering:
  Min cluster size: 103
  Real clusters: 3
  Noise points: 524
  DBCV score: 0.3478
  Calinski-Harabasz score: 2799.13

All tested configurations:
--------------------------------------------------------------------------------
Rank MinSize  Clusters Noise    DBCV       CH-Score   Notes
--------------------------------------------------------------------------------
1    103      3        524      0.3478     2799.13     ★
2    99       3        524      0.3478     2799.13    
3    92       3        524      0.3478     2799.13    
4    86       3        524      0.3478     2799.13    
5    58       8        866      0.0332     1648.70    
6    56       8        866      0.0332     1648.70    
7    53       8        866      0.0332     1648.70    
8    64       7        795      0.0329     1934.28    
9    61       7        795      0.0329     1934.28    
10   71       6        787      0.0322     2256.57    
11   68       6        787      0.0322     2256.57    
12   51       10       762      0.0296     1402.69    
13   80       5        862      0.0111     2605.10    
14   76       5        862      0.0111     2605.10    
15   862      2        320      0.0022     5295.21    
16   647      2        320      0.0022     5295.21    
17   517      2        320      0.0022     5295.21    
18   431      2        320      0.0022     5295.21    
19   369      2        320      0.0022     5295.21    
20   323      2        320      0.0022     5295.21    
21   287      2        320      0.0022     5295.21    
22   258      2        320      0.0022     5295.21    
23   235      2        320      0.0022     5295.21    
24   215      2        320      0.0022     5295.21    
25   199      2        320      0.0022     5295.21    
26   184      2        320      0.0022     5295.21    
27   172      2        320      0.0022     5295.21    
28   161      2        320      0.0022     5295.21    
29   152      2        320      0.0022     5295.21    
30   143      2        320      0.0022     5295.21    
31   136      2        320      0.0022     5295.21    
32   129      2        320      0.0022     5295.21    
33   123      2        320      0.0022     5295.21    
34   112      2        320      0.0022     5295.21    
35   107      2        320      0.0022     5295.21    
36   117      3        533      0.0019     3149.27    
37   1294     0        2588     -1.0000    -1.00      
