Clustering Results Summary
==================================================

DBCV threshold: 0
Min absolute cluster size: 100
Min percentage cluster size: 0.02

Registers: ob-OP
Total samples: 42841

Best clustering:
  Min cluster size: 498
  Real clusters: 9
  Noise points: 23752
  DBCV score: 0.0273
  Calinski-Harabasz score: 13499.62

All tested configurations:
--------------------------------------------------------------------------------
Rank MinSize  Clusters Noise    DBCV       CH-Score   Notes
--------------------------------------------------------------------------------
1    498      9        23752    0.0273     13499.62    ★
2    486      9        23752    0.0273     13499.62   
3    476      9        23752    0.0273     13499.62   
4    465      9        23752    0.0273     13499.62   
5    455      9        23752    0.0273     13499.62   
6    446      9        23752    0.0273     13499.62   
7    437      9        23752    0.0273     13499.62   
8    428      9        23752    0.0273     13499.62   
9    793      7        24874    0.0201     16627.20   
10   765      7        24874    0.0201     16627.20   
11   738      7        24874    0.0201     16627.20   
12   714      7        24874    0.0201     16627.20   
13   690      7        24874    0.0201     16627.20   
14   669      7        24874    0.0201     16627.20   
15   649      7        24874    0.0201     16627.20   
16   630      7        24874    0.0201     16627.20   
17   612      8        24255    0.0168     14839.31   
18   595      8        24255    0.0168     14839.31   
19   578      8        24255    0.0168     14839.31   
20   563      8        24255    0.0168     14839.31   
21   549      8        24255    0.0168     14839.31   
22   535      8        24255    0.0168     14839.31   
23   522      8        24255    0.0168     14839.31   
24   510      8        24255    0.0168     14839.31   
25   1713     6        25669    0.0036     18771.25   
26   1647     6        25669    0.0036     18771.25   
27   1586     6        25669    0.0036     18771.25   
28   1530     6        25669    0.0036     18771.25   
29   1477     6        25669    0.0036     18771.25   
30   1428     6        25669    0.0036     18771.25   
31   1381     6        25669    0.0036     18771.25   
32   1338     6        25669    0.0036     18771.25   
33   1298     6        25669    0.0036     18771.25   
34   1260     6        25669    0.0036     18771.25   
35   1224     6        25669    0.0036     18771.25   
36   1190     6        25669    0.0036     18771.25   
37   1157     6        25669    0.0036     18771.25   
38   1127     6        25669    0.0036     18771.25   
39   1098     6        25669    0.0036     18771.25   
40   1071     6        25669    0.0036     18771.25   
41   1044     6        25669    0.0036     18771.25   
42   1020     6        25669    0.0036     18771.25   
43   996      6        25669    0.0036     18771.25   
44   973      6        25669    0.0036     18771.25   
45   952      6        25669    0.0036     18771.25   
46   931      6        25669    0.0036     18771.25   
47   911      6        25669    0.0036     18771.25   
48   892      6        25669    0.0036     18771.25   
49   874      6        25669    0.0036     18771.25   
50   856      6        25669    0.0036     18771.25   
51   823      6        25669    0.0036     18771.25   
52   1862     5        27382    0.0035     19520.03   
53   1785     5        27382    0.0035     19520.03   
54   2677     4        27182    0.0035     17714.56   
55   2520     4        27182    0.0035     17714.56   
56   2380     4        27182    0.0035     17714.56   
57   2254     4        27182    0.0035     17714.56   
58   2142     4        27182    0.0035     17714.56   
59   2040     4        27182    0.0035     17714.56   
60   1947     4        27182    0.0035     17714.56   
61   3570     3        23719    0.0002     9299.57    
62   3295     3        23719    0.0002     9299.57    
63   3060     3        23719    0.0002     9299.57    
64   2856     3        23719    0.0002     9299.57    
65   4284     2        22366    0.0001     6351.45    
66   3894     2        22366    0.0001     6351.45    
67   21420    0        42841    -1.0000    -1.00      
68   14280    0        42841    -1.0000    -1.00      
69   10710    0        42841    -1.0000    -1.00      
70   8568     0        42841    -1.0000    -1.00      
71   7140     0        42841    -1.0000    -1.00      
72   6120     0        42841    -1.0000    -1.00      
73   5355     0        42841    -1.0000    -1.00      
74   4760     0        42841    -1.0000    -1.00      
