Clustering Results Summary
==================================================

DBCV threshold: 0
Min absolute cluster size: 100
Min percentage cluster size: 0.02

Registers: ID
Total samples: 15060

Best clustering:
  Min cluster size: 407
  Real clusters: 3
  Noise points: 22
  DBCV score: 0.7847
  Calinski-Harabasz score: 4423.63

All tested configurations:
--------------------------------------------------------------------------------
Rank MinSize  Clusters Noise    DBCV       CH-Score   Notes
--------------------------------------------------------------------------------
1    407      3        22       0.7847     4423.63     ★
2    396      3        22       0.7847     4423.63    
3    386      3        22       0.7847     4423.63    
4    376      3        22       0.7847     4423.63    
5    367      3        22       0.7847     4423.63    
6    358      3        22       0.7847     4423.63    
7    350      3        22       0.7847     4423.63    
8    342      3        22       0.7847     4423.63    
9    334      3        22       0.7847     4423.63    
10   327      3        22       0.7847     4423.63    
11   320      3        22       0.7847     4423.63    
12   313      3        22       0.7847     4423.63    
13   307      3        22       0.7847     4423.63    
14   301      3        22       0.7847     4423.63    
15   289      3        22       0.7847     4423.63    
16   278      3        22       0.7847     4423.63    
17   268      3        22       0.7847     4423.63    
18   259      3        22       0.7847     4423.63    
19   251      3        22       0.7847     4423.63    
20   242      3        22       0.7847     4423.63    
21   235      3        22       0.7847     4423.63    
22   228      3        22       0.7847     4423.63    
23   221      3        22       0.7847     4423.63    
24   215      4        28       0.7545     2953.07    
25   209      4        28       0.7545     2953.07    
26   203      4        28       0.7545     2953.07    
27   198      4        28       0.7545     2953.07    
28   193      4        28       0.7545     2953.07    
29   188      4        28       0.7545     2953.07    
30   183      4        28       0.7545     2953.07    
31   179      4        28       0.7545     2953.07    
32   175      4        28       0.7545     2953.07    
33   171      4        28       0.7545     2953.07    
34   167      4        28       0.7545     2953.07    
35   163      4        28       0.7545     2953.07    
36   160      4        28       0.7545     2953.07    
37   156      4        28       0.7545     2953.07    
38   153      4        28       0.7545     2953.07    
39   150      4        28       0.7545     2953.07    
40   537      2        22       0.4791     5341.01    
41   519      2        22       0.4791     5341.01    
42   502      2        22       0.4791     5341.01    
43   485      2        22       0.4791     5341.01    
44   470      2        22       0.4791     5341.01    
45   456      2        22       0.4791     5341.01    
46   442      2        22       0.4791     5341.01    
47   430      2        22       0.4791     5341.01    
48   418      2        22       0.4791     5341.01    
49   627      7        5681     0.1932     6843.63    
50   602      7        5681     0.1932     6843.63    
51   579      7        5681     0.1932     6843.63    
52   557      7        5681     0.1932     6843.63    
53   654      6        6320     0.1509     7244.28    
54   836      5        6298     0.1505     6695.45    
55   792      5        6298     0.1505     6695.45    
56   753      5        6298     0.1505     6695.45    
57   717      5        6298     0.1505     6695.45    
58   684      5        6298     0.1505     6695.45    
59   1255     4        7149     0.0943     6643.01    
60   1158     4        7149     0.0943     6643.01    
61   1075     4        7149     0.0943     6643.01    
62   1004     4        7149     0.0943     6643.01    
63   941      4        7149     0.0943     6643.01    
64   885      4        7149     0.0943     6643.01    
65   1369     2        5079     0.0005     2121.97    
66   1882     2        9912     0.0001     6628.82    
67   1673     2        9912     0.0001     6628.82    
68   1506     2        9912     0.0001     6628.82    
69   7530     0        15060    -1.0000    -1.00      
70   5020     0        15060    -1.0000    -1.00      
71   3765     0        15060    -1.0000    -1.00      
72   3012     0        15060    -1.0000    -1.00      
73   2510     0        15060    -1.0000    -1.00      
74   2151     0        15060    -1.0000    -1.00      
