Clustering Results Summary
==================================================

DBCV threshold: 0
Min absolute cluster size: 100
Min percentage cluster size: 0.02

Registers: HI-NA-nb-re
Total samples: 6804

Best clustering:
  Min cluster size: 378
  Real clusters: 2
  Noise points: 135
  DBCV score: 0.5704
  Calinski-Harabasz score: 1445.45

All tested configurations:
--------------------------------------------------------------------------------
Rank MinSize  Clusters Noise    DBCV       CH-Score   Notes
--------------------------------------------------------------------------------
1    378      2        135      0.5704     1445.45     ★
2    358      2        135      0.5704     1445.45    
3    340      2        135      0.5704     1445.45    
4    324      2        135      0.5704     1445.45    
5    309      2        135      0.5704     1445.45    
6    295      2        135      0.5704     1445.45    
7    283      2        135      0.5704     1445.45    
8    272      2        135      0.5704     1445.45    
9    261      2        135      0.5704     1445.45    
10   252      2        135      0.5704     1445.45    
11   130      4        1        0.0770     836.88     
12   126      4        1        0.0770     836.88     
13   121      4        1        0.0770     836.88     
14   117      4        1        0.0770     836.88     
15   243      3        136      0.0581     1074.25    
16   234      3        136      0.0581     1074.25    
17   226      3        136      0.0581     1074.25    
18   219      3        136      0.0581     1074.25    
19   212      3        136      0.0581     1074.25    
20   206      3        136      0.0581     1074.25    
21   200      3        136      0.0581     1074.25    
22   194      3        136      0.0581     1074.25    
23   189      3        136      0.0581     1074.25    
24   183      3        136      0.0581     1074.25    
25   179      3        136      0.0581     1074.25    
26   174      3        136      0.0581     1074.25    
27   170      3        136      0.0581     1074.25    
28   165      3        136      0.0581     1074.25    
29   162      3        136      0.0581     1074.25    
30   158      3        136      0.0581     1074.25    
31   154      3        136      0.0581     1074.25    
32   151      3        136      0.0581     1074.25    
33   147      3        136      0.0581     1074.25    
34   144      3        136      0.0581     1074.25    
35   141      3        136      0.0581     1074.25    
36   138      3        136      0.0581     1074.25    
37   136      3        136      0.0581     1074.25    
38   113      5        13       0.0438     620.01     
39   109      5        13       0.0438     620.01     
40   106      5        13       0.0438     620.01     
41   103      5        13       0.0438     620.01     
42   100      5        13       0.0438     620.01     
43   97       5        13       0.0438     620.01     
44   94       5        13       0.0438     620.01     
45   91       5        13       0.0438     620.01     
46   89       5        13       0.0438     620.01     
47   87       5        13       0.0438     620.01     
48   85       5        13       0.0438     620.01     
49   82       5        13       0.0438     620.01     
50   81       5        13       0.0438     620.01     
51   79       5        13       0.0438     620.01     
52   77       5        13       0.0438     620.01     
53   75       5        13       0.0438     620.01     
54   73       5        13       0.0438     620.01     
55   72       5        13       0.0438     620.01     
56   70       5        13       0.0438     620.01     
57   69       5        13       0.0438     620.01     
58   68       5        13       0.0438     620.01     
59   1701     2        2832     0.0003     7480.15    
60   1360     2        2832     0.0003     7480.15    
61   1134     2        2832     0.0003     7480.15    
62   972      2        2832     0.0003     7480.15    
63   850      2        2832     0.0003     7480.15    
64   756      2        2832     0.0003     7480.15    
65   680      2        2832     0.0003     7480.15    
66   618      2        2832     0.0003     7480.15    
67   567      2        2832     0.0003     7480.15    
68   523      2        2832     0.0003     7480.15    
69   486      2        2832     0.0003     7480.15    
70   453      2        2832     0.0003     7480.15    
71   425      2        2832     0.0003     7480.15    
72   400      2        2832     0.0003     7480.15    
73   3402     0        6804     -1.0000    -1.00      
74   2268     0        6804     -1.0000    -1.00      
