Clustering Results Summary
==================================================

DBCV threshold: 0
Min absolute cluster size: 100
Min percentage cluster size: 0.02

Registers: NA-nb-OP-rv
Total samples: 4929

Best clustering:
  Min cluster size: 273
  Real clusters: 4
  Noise points: 0
  DBCV score: 0.9342
  Calinski-Harabasz score: 65575.07

All tested configurations:
--------------------------------------------------------------------------------
Rank MinSize  Clusters Noise    DBCV       CH-Score   Notes
--------------------------------------------------------------------------------
1    273      4        0        0.9342     65575.07    ★
2    259      4        0        0.9342     65575.07   
3    246      4        0        0.9342     65575.07   
4    234      4        0        0.9342     65575.07   
5    224      4        0        0.9342     65575.07   
6    214      4        0        0.9342     65575.07   
7    205      4        0        0.9342     65575.07   
8    197      4        0        0.9342     65575.07   
9    189      4        0        0.9342     65575.07   
10   182      4        0        0.9342     65575.07   
11   176      4        0        0.9342     65575.07   
12   169      4        0        0.9342     65575.07   
13   164      4        0        0.9342     65575.07   
14   159      4        0        0.9342     65575.07   
15   154      4        0        0.9342     65575.07   
16   149      4        0        0.9342     65575.07   
17   144      4        0        0.9342     65575.07   
18   140      4        0        0.9342     65575.07   
19   136      4        0        0.9342     65575.07   
20   133      4        0        0.9342     65575.07   
21   129      4        0        0.9342     65575.07   
22   126      4        0        0.9342     65575.07   
23   123      4        0        0.9342     65575.07   
24   120      4        0        0.9342     65575.07   
25   117      4        0        0.9342     65575.07   
26   114      4        0        0.9342     65575.07   
27   112      4        0        0.9342     65575.07   
28   109      4        0        0.9342     65575.07   
29   107      4        0        0.9342     65575.07   
30   104      4        0        0.9342     65575.07   
31   102      4        0        0.9342     65575.07   
32   100      4        0        0.9342     65575.07   
33   98       4        0        0.9342     65575.07   
34   94       4        0        0.9342     65575.07   
35   91       4        0        0.9342     65575.07   
36   88       4        0        0.9342     65575.07   
37   84       4        0        0.9342     65575.07   
38   82       4        0        0.9342     65575.07   
39   79       4        0        0.9342     65575.07   
40   77       4        0        0.9342     65575.07   
41   74       4        0        0.9342     65575.07   
42   72       4        0        0.9342     65575.07   
43   70       4        0        0.9342     65575.07   
44   68       4        0        0.9342     65575.07   
45   66       4        0        0.9342     65575.07   
46   64       4        0        0.9342     65575.07   
47   63       4        0        0.9342     65575.07   
48   61       4        0        0.9342     65575.07   
49   60       4        0        0.9342     65575.07   
50   58       4        0        0.9342     65575.07   
51   57       4        0        0.9342     65575.07   
52   56       4        0        0.9342     65575.07   
53   54       4        0        0.9342     65575.07   
54   53       4        0        0.9342     65575.07   
55   52       4        0        0.9342     65575.07   
56   51       4        0        0.9342     65575.07   
57   50       4        0        0.9342     65575.07   
58   1643     2        0        0.8567     73508.90   
59   1232     2        0        0.8567     73508.90   
60   985      2        0        0.8567     73508.90   
61   821      2        0        0.8567     73508.90   
62   704      2        0        0.8567     73508.90   
63   616      2        0        0.8567     73508.90   
64   547      2        0        0.8567     73508.90   
65   492      2        0        0.8567     73508.90   
66   448      2        0        0.8567     73508.90   
67   410      2        0        0.8567     73508.90   
68   379      2        0        0.8567     73508.90   
69   352      2        0        0.8567     73508.90   
70   328      2        0        0.8567     73508.90   
71   308      2        0        0.8567     73508.90   
72   289      3        0        0.6675     59617.35   
73   2464     0        4929     -1.0000    -1.00      
