Clustering Results Summary
==================================================

DBCV threshold: 0
Min absolute cluster size: 100
Min percentage cluster size: 0.02

Registers: HI-NA-nb-re
Total samples: 4597

Best clustering:
  Min cluster size: 766
  Real clusters: 3
  Noise points: 1465
  DBCV score: 0.2501
  Calinski-Harabasz score: 3853.83

All tested configurations:
--------------------------------------------------------------------------------
Rank MinSize  Clusters Noise    DBCV       CH-Score   Notes
--------------------------------------------------------------------------------
1    766      3        1465     0.2501     3853.83     ★
2    656      3        1465     0.2501     3853.83    
3    574      3        1465     0.2501     3853.83    
4    510      3        1465     0.2501     3853.83    
5    459      3        1465     0.2501     3853.83    
6    417      3        1465     0.2501     3853.83    
7    383      3        1465     0.2501     3853.83    
8    353      3        1465     0.2501     3853.83    
9    328      3        1465     0.2501     3853.83    
10   306      3        1465     0.2501     3853.83    
11   287      3        1465     0.2501     3853.83    
12   112      2        0        0.2211     207.21     
13   109      2        0        0.2211     207.21     
14   106      2        0        0.2211     207.21     
15   104      2        0        0.2211     207.21     
16   102      2        0        0.2211     207.21     
17   99       2        0        0.2211     207.21     
18   95       2        0        0.2211     207.21     
19   91       2        0        0.2211     207.21     
20   88       2        0        0.2211     207.21     
21   85       2        0        0.2211     207.21     
22   82       2        0        0.2211     207.21     
23   79       2        0        0.2211     207.21     
24   76       2        0        0.2211     207.21     
25   74       2        0        0.2211     207.21     
26   71       2        0        0.2211     207.21     
27   69       2        0        0.2211     207.21     
28   67       2        0        0.2211     207.21     
29   65       2        0        0.2211     207.21     
30   63       2        0        0.2211     207.21     
31   62       2        0        0.2211     207.21     
32   60       2        0        0.2211     207.21     
33   58       2        0        0.2211     207.21     
34   57       2        0        0.2211     207.21     
35   56       2        0        0.2211     207.21     
36   54       2        0        0.2211     207.21     
37   53       2        0        0.2211     207.21     
38   52       2        0        0.2211     207.21     
39   51       2        0        0.2211     207.21     
40   131      6        2042     0.1973     3329.66    
41   139      5        1794     0.1455     2911.50    
42   135      5        1794     0.1455     2911.50    
43   127      7        1915     0.0606     2910.51    
44   124      7        1915     0.0606     2910.51    
45   120      7        1915     0.0606     2910.51    
46   117      7        1915     0.0606     2910.51    
47   114      7        1915     0.0606     2910.51    
48   270      4        1595     0.0014     3301.96    
49   255      4        1595     0.0014     3301.96    
50   241      4        1595     0.0014     3301.96    
51   229      4        1595     0.0014     3301.96    
52   218      4        1595     0.0014     3301.96    
53   208      4        1595     0.0014     3301.96    
54   199      4        1595     0.0014     3301.96    
55   191      4        1595     0.0014     3301.96    
56   183      4        1595     0.0014     3301.96    
57   176      4        1595     0.0014     3301.96    
58   170      4        1595     0.0014     3301.96    
59   164      4        1595     0.0014     3301.96    
60   158      4        1595     0.0014     3301.96    
61   153      4        1595     0.0014     3301.96    
62   148      4        1595     0.0014     3301.96    
63   143      4        1595     0.0014     3301.96    
64   1149     2        1242     0.0002     2754.98    
65   919      2        1242     0.0002     2754.98    
66   2298     0        4597     -1.0000    -1.00      
67   1532     0        4597     -1.0000    -1.00      
