Clustering Results Summary
==================================================

DBCV threshold: 0
Min absolute cluster size: 100
Min percentage cluster size: 0.02

Registers: IP-NA-nb
Total samples: 11315

Best clustering:
  Min cluster size: 514
  Real clusters: 4
  Noise points: 5912
  DBCV score: 0.2125
  Calinski-Harabasz score: 7106.68

All tested configurations:
--------------------------------------------------------------------------------
Rank MinSize  Clusters Noise    DBCV       CH-Score   Notes
--------------------------------------------------------------------------------
1    514      4        5912     0.2125     7106.68     ★
2    491      4        5912     0.2125     7106.68    
3    870      3        6448     0.2124     9324.75    
4    808      3        6448     0.2124     9324.75    
5    754      3        6448     0.2124     9324.75    
6    707      3        6448     0.2124     9324.75    
7    665      3        6448     0.2124     9324.75    
8    628      3        6448     0.2124     9324.75    
9    595      3        6448     0.2124     9324.75    
10   565      3        6448     0.2124     9324.75    
11   538      3        6448     0.2124     9324.75    
12   269      10       5299     0.2025     5168.72    
13   263      10       5299     0.2025     5168.72    
14   148      16       5601     0.1723     5884.39    
15   145      16       5601     0.1723     5884.39    
16   161      15       5431     0.1447     6164.89    
17   157      15       5431     0.1447     6164.89    
18   152      15       5431     0.1447     6164.89    
19   141      17       5457     0.1319     5719.28    
20   125      21       5375     0.1150     5606.39    
21   122      21       5375     0.1150     5606.39    
22   120      21       5375     0.1150     5606.39    
23   117      21       5375     0.1150     5606.39    
24   115      21       5375     0.1150     5606.39    
25   113      21       5375     0.1150     5606.39    
26   131      20       5501     0.1040     5744.59    
27   128      20       5501     0.1040     5744.59    
28   134      19       5632     0.0925     5941.74    
29   137      18       5586     0.0924     5522.80    
30   297      8        4757     0.0547     4322.31    
31   290      8        4757     0.0547     4322.31    
32   282      8        4757     0.0547     4322.31    
33   275      8        4757     0.0547     4322.31    
34   314      7        5061     0.0545     4747.19    
35   305      7        5061     0.0545     4747.19    
36   452      6        4982     0.0538     4970.56    
37   435      6        4982     0.0538     4970.56    
38   419      6        4982     0.0538     4970.56    
39   404      6        4982     0.0538     4970.56    
40   390      6        4982     0.0538     4970.56    
41   377      6        4982     0.0538     4970.56    
42   365      6        4982     0.0538     4970.56    
43   353      6        4982     0.0538     4970.56    
44   342      6        4982     0.0538     4970.56    
45   332      6        4982     0.0538     4970.56    
46   323      6        4982     0.0538     4970.56    
47   471      5        5439     0.0139     5627.12    
48   257      2        1410     0.0008     670.98     
49   251      2        1410     0.0008     670.98     
50   245      2        1410     0.0008     670.98     
51   240      2        1410     0.0008     670.98     
52   235      2        1410     0.0008     670.98     
53   230      2        1410     0.0008     670.98     
54   226      2        1410     0.0008     670.98     
55   217      2        1410     0.0008     670.98     
56   209      2        1410     0.0008     670.98     
57   202      2        1410     0.0008     670.98     
58   195      2        1410     0.0008     670.98     
59   188      2        1410     0.0008     670.98     
60   182      2        1410     0.0008     670.98     
61   176      2        1410     0.0008     670.98     
62   171      2        1410     0.0008     670.98     
63   166      2        1410     0.0008     670.98     
64   2263     2        5511     0.0000     10775.57   
65   1885     2        5511     0.0000     10775.57   
66   1616     2        5511     0.0000     10775.57   
67   1414     2        5511     0.0000     10775.57   
68   1257     2        5511     0.0000     10775.57   
69   1131     2        5511     0.0000     10775.57   
70   1028     2        5511     0.0000     10775.57   
71   942      2        5511     0.0000     10775.57   
72   5657     0        11315    -1.0000    -1.00      
73   3771     0        11315    -1.0000    -1.00      
74   2828     0        11315    -1.0000    -1.00      
