Clustering Results Summary
==================================================

DBCV threshold: 0
Min absolute cluster size: 100
Min percentage cluster size: 0.02

Registers: ID-NA
Total samples: 1729

Best clustering:
  Min cluster size: 345
  Real clusters: 2
  Noise points: 29
  DBCV score: 0.4523
  Calinski-Harabasz score: 4783.32

All tested configurations:
--------------------------------------------------------------------------------
Rank MinSize  Clusters Noise    DBCV       CH-Score   Notes
--------------------------------------------------------------------------------
1    345      2        29       0.4523     4783.32     ★
2    288      2        29       0.4523     4783.32    
3    247      2        29       0.4523     4783.32    
4    216      2        29       0.4523     4783.32    
5    192      2        29       0.4523     4783.32    
6    172      2        29       0.4523     4783.32    
7    157      2        29       0.4523     4783.32    
8    144      2        29       0.4523     4783.32    
9    133      2        29       0.4523     4783.32    
10   123      2        29       0.4523     4783.32    
11   115      2        29       0.4523     4783.32    
12   108      2        29       0.4523     4783.32    
13   101      2        29       0.4523     4783.32    
14   96       2        29       0.4523     4783.32    
15   86       2        29       0.4523     4783.32    
16   78       2        29       0.4523     4783.32    
17   72       2        29       0.4523     4783.32    
18   66       2        29       0.4523     4783.32    
19   61       2        29       0.4523     4783.32    
20   57       2        29       0.4523     4783.32    
21   54       2        29       0.4523     4783.32    
22   50       2        29       0.4523     4783.32    
23   864      0        1729     -1.0000    -1.00      
24   576      0        1729     -1.0000    -1.00      
25   432      0        1729     -1.0000    -1.00      
