Clustering Results Summary
==================================================

DBCV threshold: 0
Min absolute cluster size: 100
Min percentage cluster size: 0.02

Registers: NA-nb-OP
Total samples: 6280

Best clustering:
  Min cluster size: 149
  Real clusters: 2
  Noise points: 0
  DBCV score: 0.3818
  Calinski-Harabasz score: 208.93

All tested configurations:
--------------------------------------------------------------------------------
Rank MinSize  Clusters Noise    DBCV       CH-Score   Notes
--------------------------------------------------------------------------------
1    149      2        0        0.3818     208.93      ★
2    146      2        0        0.3818     208.93     
3    142      2        0        0.3818     208.93     
4    139      2        0        0.3818     208.93     
5    136      2        0        0.3818     208.93     
6    133      2        0        0.3818     208.93     
7    130      2        0        0.3818     208.93     
8    128      2        0        0.3818     208.93     
9    125      2        0        0.3818     208.93     
10   120      2        0        0.3818     208.93     
11   116      2        0        0.3818     208.93     
12   112      2        0        0.3818     208.93     
13   108      2        0        0.3818     208.93     
14   104      2        0        0.3818     208.93     
15   101      2        0        0.3818     208.93     
16   98       2        0        0.3818     208.93     
17   95       2        0        0.3818     208.93     
18   92       2        0        0.3818     208.93     
19   89       2        0        0.3818     208.93     
20   87       2        0        0.3818     208.93     
21   84       2        0        0.3818     208.93     
22   82       2        0        0.3818     208.93     
23   80       2        0        0.3818     208.93     
24   78       2        0        0.3818     208.93     
25   76       2        0        0.3818     208.93     
26   74       2        0        0.3818     208.93     
27   73       2        0        0.3818     208.93     
28   71       2        0        0.3818     208.93     
29   69       2        0        0.3818     208.93     
30   68       2        0        0.3818     208.93     
31   66       2        0        0.3818     208.93     
32   65       2        0        0.3818     208.93     
33   64       2        0        0.3818     208.93     
34   62       2        0        0.3818     208.93     
35   897      3        1111     0.2693     3496.67    
36   785      3        1111     0.2693     3496.67    
37   697      3        1111     0.2693     3496.67    
38   628      3        1111     0.2693     3496.67    
39   570      3        1111     0.2693     3496.67    
40   523      3        1111     0.2693     3496.67    
41   483      3        1111     0.2693     3496.67    
42   448      3        1111     0.2693     3496.67    
43   418      3        1111     0.2693     3496.67    
44   392      3        1111     0.2693     3496.67    
45   369      3        1111     0.2693     3496.67    
46   165      7        1725     0.1762     3717.62    
47   161      7        1725     0.1762     3717.62    
48   157      7        1725     0.1762     3717.62    
49   153      7        1725     0.1762     3717.62    
50   330      6        1893     0.1760     4225.38    
51   314      6        1893     0.1760     4225.38    
52   299      6        1893     0.1760     4225.38    
53   285      6        1893     0.1760     4225.38    
54   273      6        1893     0.1760     4225.38    
55   261      6        1893     0.1760     4225.38    
56   251      6        1893     0.1760     4225.38    
57   241      6        1893     0.1760     4225.38    
58   232      6        1893     0.1760     4225.38    
59   224      6        1893     0.1760     4225.38    
60   216      6        1893     0.1760     4225.38    
61   209      6        1893     0.1760     4225.38    
62   202      6        1893     0.1760     4225.38    
63   196      6        1893     0.1760     4225.38    
64   190      6        1893     0.1760     4225.38    
65   184      6        1893     0.1760     4225.38    
66   179      6        1893     0.1760     4225.38    
67   174      6        1893     0.1760     4225.38    
68   169      6        1893     0.1760     4225.38    
69   348      5        2231     0.1759     4857.52    
70   1570     2        741      0.0032     2385.42    
71   1256     2        741      0.0032     2385.42    
72   1046     2        741      0.0032     2385.42    
73   3140     0        6280     -1.0000    -1.00      
74   2093     0        6280     -1.0000    -1.00      
