Clustering Results Summary
==================================================

DBCV threshold: 0
Min absolute cluster size: 100
Min percentage cluster size: 0.02

Registers: ID
Total samples: 34973

Best clustering:
  Min cluster size: 472
  Real clusters: 2
  Noise points: 19
  DBCV score: 0.6939
  Calinski-Harabasz score: 1651.84

All tested configurations:
--------------------------------------------------------------------------------
Rank MinSize  Clusters Noise    DBCV       CH-Score   Notes
--------------------------------------------------------------------------------
1    472      2        19       0.6939     1651.84     ★
2    460      2        19       0.6939     1651.84    
3    448      2        19       0.6939     1651.84    
4    437      2        19       0.6939     1651.84    
5    426      2        19       0.6939     1651.84    
6    416      2        19       0.6939     1651.84    
7    406      2        19       0.6939     1651.84    
8    397      2        19       0.6939     1651.84    
9    388      2        19       0.6939     1651.84    
10   380      2        19       0.6939     1651.84    
11   372      2        19       0.6939     1651.84    
12   364      2        19       0.6939     1651.84    
13   356      2        19       0.6939     1651.84    
14   349      2        19       0.6939     1651.84    
15   485      11       13886    0.1205     16205.51   
16   853      7        13061    0.1078     22746.60   
17   832      7        13061    0.1078     22746.60   
18   813      7        13061    0.1078     22746.60   
19   794      7        13061    0.1078     22746.60   
20   777      7        13061    0.1078     22746.60   
21   760      7        13061    0.1078     22746.60   
22   744      7        13061    0.1078     22746.60   
23   728      7        13061    0.1078     22746.60   
24   713      7        13061    0.1078     22746.60   
25   699      7        13061    0.1078     22746.60   
26   672      7        13061    0.1078     22746.60   
27   647      7        13061    0.1078     22746.60   
28   624      7        13061    0.1078     22746.60   
29   602      10       14381    0.1068     17045.56   
30   582      10       14381    0.1068     17045.56   
31   564      10       14381    0.1068     17045.56   
32   546      10       14381    0.1068     17045.56   
33   529      10       14381    0.1068     17045.56   
34   514      10       14381    0.1068     17045.56   
35   499      10       14381    0.1068     17045.56   
36   1748     6        13921    0.0838     25967.60   
37   1665     6        13921    0.0838     25967.60   
38   1589     6        13921    0.0838     25967.60   
39   1520     6        13921    0.0838     25967.60   
40   1457     6        13921    0.0838     25967.60   
41   1398     6        13921    0.0838     25967.60   
42   1345     6        13921    0.0838     25967.60   
43   1295     6        13921    0.0838     25967.60   
44   1249     6        13921    0.0838     25967.60   
45   1205     6        13921    0.0838     25967.60   
46   1165     6        13921    0.0838     25967.60   
47   1128     6        13921    0.0838     25967.60   
48   1092     6        13921    0.0838     25967.60   
49   1059     6        13921    0.0838     25967.60   
50   1028     6        13921    0.0838     25967.60   
51   999      6        13921    0.0838     25967.60   
52   971      6        13921    0.0838     25967.60   
53   945      6        13921    0.0838     25967.60   
54   920      6        13921    0.0838     25967.60   
55   896      6        13921    0.0838     25967.60   
56   874      6        13921    0.0838     25967.60   
57   2690     5        12334    0.0769     19648.14   
58   2498     5        12334    0.0769     19648.14   
59   2331     5        12334    0.0769     19648.14   
60   2185     5        12334    0.0769     19648.14   
61   2057     5        12334    0.0769     19648.14   
62   1942     5        12334    0.0769     19648.14   
63   1840     3        5570     0.0016     12094.57   
64   4371     2        8282     0.0015     10886.13   
65   3885     2        8282     0.0015     10886.13   
66   3497     2        8282     0.0015     10886.13   
67   3179     2        8282     0.0015     10886.13   
68   2914     2        8282     0.0015     10886.13   
69   17486    0        34973    -1.0000    -1.00      
70   11657    0        34973    -1.0000    -1.00      
71   8743     0        34973    -1.0000    -1.00      
72   6994     0        34973    -1.0000    -1.00      
73   5828     0        34973    -1.0000    -1.00      
74   4996     0        34973    -1.0000    -1.00      
