Clustering Results Summary
==================================================

DBCV threshold: 0
Min absolute cluster size: 100
Min percentage cluster size: 0.02

Registers: NA-nb-ob-OP
Total samples: 3959

Best clustering:
  Min cluster size: 68
  Real clusters: 2
  Noise points: 0
  DBCV score: 0.4583
  Calinski-Harabasz score: 237.21

All tested configurations:
--------------------------------------------------------------------------------
Rank MinSize  Clusters Noise    DBCV       CH-Score   Notes
--------------------------------------------------------------------------------
1    68       2        0        0.4583     237.21      ★
2    65       2        0        0.4583     237.21     
3    63       2        0        0.4583     237.21     
4    61       2        0        0.4583     237.21     
5    59       2        0        0.4583     237.21     
6    58       2        0        0.4583     237.21     
7    56       2        0        0.4583     237.21     
8    54       2        0        0.4583     237.21     
9    53       2        0        0.4583     237.21     
10   52       2        0        0.4583     237.21     
11   50       2        0        0.4583     237.21     
12   141      6        1540     0.2394     1849.89    
13   136      6        1540     0.2394     1849.89    
14   131      7        1579     0.2311     1693.97    
15   127      7        1579     0.2311     1693.97    
16   123      8        1579     0.1607     1559.21    
17   119      8        1579     0.1607     1559.21    
18   116      8        1579     0.1607     1559.21    
19   113      8        1579     0.1607     1559.21    
20   73       11       1417     0.1590     1317.57    
21   70       11       1417     0.1590     1317.57    
22   98       10       1492     0.1586     1380.07    
23   94       10       1492     0.1586     1380.07    
24   89       10       1492     0.1586     1380.07    
25   86       10       1492     0.1586     1380.07    
26   82       10       1492     0.1586     1380.07    
27   79       10       1492     0.1586     1380.07    
28   76       10       1492     0.1586     1380.07    
29   109      9        1592     0.1585     1456.97    
30   107      9        1592     0.1585     1456.97    
31   104      9        1592     0.1585     1456.97    
32   101      9        1592     0.1585     1456.97    
33   329      5        1100     0.0884     1689.50    
34   304      5        1100     0.0884     1689.50    
35   282      5        1100     0.0884     1689.50    
36   263      5        1100     0.0884     1689.50    
37   247      5        1100     0.0884     1689.50    
38   232      5        1100     0.0884     1689.50    
39   219      5        1100     0.0884     1689.50    
40   208      5        1100     0.0884     1689.50    
41   197      5        1100     0.0884     1689.50    
42   188      5        1100     0.0884     1689.50    
43   179      5        1100     0.0884     1689.50    
44   172      5        1100     0.0884     1689.50    
45   164      5        1100     0.0884     1689.50    
46   158      5        1100     0.0884     1689.50    
47   152      5        1100     0.0884     1689.50    
48   146      5        1100     0.0884     1689.50    
49   439      4        1438     0.0138     1797.33    
50   395      4        1438     0.0138     1797.33    
51   359      4        1438     0.0138     1797.33    
52   659      2        2374     0.0017     1731.50    
53   565      2        2374     0.0017     1731.50    
54   494      2        2374     0.0017     1731.50    
55   1979     0        3959     -1.0000    -1.00      
56   1319     0        3959     -1.0000    -1.00      
57   989      0        3959     -1.0000    -1.00      
58   791      0        3959     -1.0000    -1.00      
